assets/resources.txt
assets/tiles.txt
assets/new-buildings.txt
assets/events.txt
10
4
7
501200
428250
49950
750
0
160
5
0
0
0
1
110
1
1
0
5
5000
5000
5000
1000
0
1000
1000
-1
-1
4
0
8
5000
5000
5000
1000
0
1000
1000
-1
-1
1
0
5
5000
5000
5000
1000
0
1000
1000
-1
-1
4
0
8
5000
5000
5000
1000
0
1000
1000
-1
-1
2
0
3
5000
5000
5000
1000
0
1000
1000
-1
-1
4
0
8
5000
5000
5000
1000
0
1000
1000
-1
-1
5
0
2
5000
5000
5000
1000
0
1000
1000
-1
-1
1
0
5
5000
5000
5000
1000
0
1000
1000
-1
-1
1
0
5
5000
5000
5000
1000
0
1000
1000
-1
-1
3
0
5
5000
5000
5000
1000
0
1000
1000
-1
-1
3
0
5
5000
5000
5000
1000
0
1000
1000
-1
-1
3
0
5
5000
5000
5000
1000
0
1000
1000
-1
-1
2
0
3
5000
5000
5000
1000
0
1000
1000
-1
-1
4
0
8
5000
5000
5000
1000
0
1000
1000
-1
-1
3
0
5
5000
5000
5000
1000
0
1000
1000
-1
-1
2
0
3
5000
5000
5000
1000
0
1000
1000
-1
-1
0
0
7
5000
5000
5000
1000
0
1000
1000
-1
-1
1
0
5
5000
5000
5000
1000
0
1000
1000
-1
-1
1
0
5
5000
5000
5000
1000
0
1000
1000
-1
-1
2
0
3
5000
5000
5000
1000
0
1000
1000
-1
-1
5
0
2
5000
5000
5000
1000
0
1000
1000
-1
-1
2
0
3
5000
5000
5000
1000
0
1000
1000
-1
-1
5
0
2
5000
5000
5000
1000
0
1000
1000
-1
-1
5
0
2
5000
5000
5000
1000
0
1000
1000
-1
-1
1
0
5
5000
5000
5000
1000
0
1000
1000
-1
-1
0
0
7
5000
5000
5000
1000
0
1000
1000
-1
-1
1
0
5
5000
5000
5000
1000
0
1000
1000
-1
-1
2
0
3
5000
5000
5000
1000
0
1000
1000
-1
-1
1
0
5
5000
5000
5000
1000
0
1000
1000
-1
-1
1
0
5
5000
5000
5000
1000
0
1000
1000
-1
-1
4
0
8
5000
5000
5000
1000
0
1000
1000
-1
-1
0
0
7
5000
5000
5000
1000
0
1000
1000
-1
-1
3
0
5
5000
5000
5000
1000
0
1000
1000
-1
-1
4
0
8
5000
5000
5000
1000
0
1000
1000
-1
-1
1
0
5
5000
5000
5000
1000
0
1000
1000
-1
-1
2
0
3
5000
5000
5000
1000
0
1000
1000
-1
-1
3
0
5
5000
5000
5000
1000
0
1000
1000
-1
-1
2
0
3
5000
5000
5000
1000
0
1000
1000
-1
-1
2
0
3
5000
5000
5000
1000
0
1000
1000
-1
-1
4
0
8
5000
5000
5000
1000
0
1000
1000
-1
-1
1
0
5
5000
5000
5000
1000
0
1000
1000
-1
-1
1
0
5
5000
5000
5000
1000
0
1000
1000
-1
-1
1
0
5
5000
5000
5000
1000
0
1000
1000
-1
-1
2
1
3
5000
5000
5000
1000
0
1000
1000
-1
-1
4
1
8
5000
5000
5000
1000
0
1000
1000
-1
-1
2
1
3
5000
5000
5000
1000
0
1000
1000
-1
-1
0
0
7
5000
5000
5000
1000
0
1000
1000
-1
-1
5
0
2
5000
5000
5000
1000
0
1000
1000
-1
-1
4
0
8
5000
5000
5000
1000
0
1000
1000
-1
-1
0
0
7
5000
5000
5000
1000
0
1000
1000
-1
-1
4
0
8
5000
5000
5000
1000
0
1000
1000
-1
-1
0
0
7
5000
5000
5000
1000
0
1000
1000
-1
-1
3
0
5
5000
5000
5000
1000
0
1000
1000
-1
-1
5
1
2
5000
5000
5000
1000
0
1000
1000
-1
-1
4
1
-1
5000
5000
5000
1000
0
920
1000
182
500
-1
2
1
-1
5000
5000
5000
1000
0
1000
1000
104
8000
-1
0
1
7
5000
5000
5000
1000
0
1000
1000
-1
-1
3
0
5
5000
5000
5000
1000
0
1000
1000
-1
-1
0
0
7
5000
5000
5000
1000
0
1000
1000
-1
-1
3
0
5
5000
5000
5000
1000
0
1000
1000
-1
-1
2
0
3
5000
5000
5000
1000
0
1000
1000
-1
-1
4
0
8
5000
5000
5000
1000
0
1000
1000
-1
-1
4
1
8
5000
5000
5000
1000
0
1000
1000
-1
-1
3
1
-1
5000
5000
5000
865
0
1000
1000
143
700
-1
0
1
-1
4400
5000
5000
1000
0
1000
1000
111
250
-1
2
1
3
5000
5000
5000
1000
0
1000
1000
-1
-1
2
0
3
5000
5000
5000
1000
0
1000
1000
-1
-1
2
0
3
5000
5000
5000
1000
0
1000
1000
-1
-1
3
0
5
5000
5000
5000
1000
0
1000
1000
-1
-1
5
0
2
5000
5000
5000
1000
0
1000
1000
-1
-1
2
0
3
5000
5000
5000
1000
0
1000
1000
-1
-1
0
0
7
5000
5000
5000
1000
0
1000
1000
-1
-1
2
0
3
5000
5000
5000
1000
0
1000
1000
-1
-1
0
1
7
5000
5000
5000
1000
0
1000
1000
-1
-1
3
1
5
5000
5000
5000
1000
0
1000
1000
-1
-1
5
1
2
5000
5000
5000
1000
0
1000
1000
-1
-1
1
0
5
5000
5000
5000
1000
0
1000
1000
-1
-1
5
0
2
5000
5000
5000
1000
0
1000
1000
-1
-1
2
0
3
5000
5000
5000
1000
0
1000
1000
-1
-1
2
0
3
5000
5000
5000
1000
0
1000
1000
-1
-1
1
0
5
5000
5000
5000
1000
0
1000
1000
-1
-1
0
0
7
5000
5000
5000
1000
0
1000
1000
-1
-1
1
0
5
5000
5000
5000
1000
0
1000
1000
-1
-1
5
0
2
5000
5000
5000
1000
0
1000
1000
-1
-1
0
0
7
5000
5000
5000
1000
0
1000
1000
-1
-1
5
0
2
5000
5000
5000
1000
0
1000
1000
-1
-1
0
0
7
5000
5000
5000
1000
0
1000
1000
-1
-1
0
0
7
5000
5000
5000
1000
0
1000
1000
-1
-1
1
0
5
5000
5000
5000
1000
0
1000
1000
-1
-1
1
0
5
5000
5000
5000
1000
0
1000
1000
-1
-1
3
0
5
5000
5000
5000
1000
0
1000
1000
-1
-1
4
0
8
5000
5000
5000
1000
0
1000
1000
-1
-1
4
0
8
5000
5000
5000
1000
0
1000
1000
-1
-1
2
0
3
5000
5000
5000
1000
0
1000
1000
-1
-1
0
0
7
5000
5000
5000
1000
0
1000
1000
-1
-1
3
0
5
5000
5000
5000
1000
0
1000
1000
-1
-1
4
0
8
5000
5000
5000
1000
0
1000
1000
-1
-1
0
0
7
5000
5000
5000
1000
0
1000
1000
-1
-1
2
0
3
5000
5000
5000
1000
0
1000
1000
-1
-1
5
0
2
5000
5000
5000
1000
0
1000
1000
-1
-1
2
0
3
5000
5000
5000
1000
0
1000
1000
-1
-1
2
0
3
5000
5000
5000
1000
0
1000
1000
-1
-1
5
0
2
5000
5000
5000
1000
0
1000
1000
-1
-1
0
0
7
5000
5000
5000
1000
0
1000
1000
-1
-1
5
0
2
5000
5000
5000
1000
0
1000
1000
-1
-1
3
0
5
5000
5000
5000
1000
0
1000
1000
-1
-1
5
0
2
5000
5000
5000
1000
0
1000
1000
-1
-1
0
0
7
5000
5000
5000
1000
0
1000
1000
-1
-1
2
0
3
5000
5000
5000
1000
0
1000
1000
-1
-1
1
0
5
5000
5000
5000
1000
0
1000
1000
-1
-1
