## Tile definition format
23        # (int) number of tiles to be loaded
7         # (int) length of resource multipliers / available resources lists

# BEGIN tile 0

1         # (int) tile_id
forest    # (char *) sprite

10.5     # (float) resource 0 multiplier
3.75      # (float) resource 1 multiplier
10.24     # ...
0.3543
0
0
0

177261    # (int) quantity of resource 0 available
12001     # (int) quantity of resource 1 available
1212312   # ...
0
0
0
0

120       # number of enemies

# END TILE 0

2
forest

10.5
3.75
10.24
0
0
0
0

177261
12001
1212312
0
0
0
0

120

3
forest

10.5
3.75
10.24
0
0
0
0

177261
12001
1212312
0
0
0
0

120

4
forest

10.5
3.75
10.24
0
0
0
0

177261
12001
1212312
0
0
0
0

120

5
forest

10.5
3.75
10.24
0
0
0
0

177261
12001
1212312
0
0
0
0

120

6
forest

10.5
3.75
10.24
0
0
0
0

177261
12001
1212312
0
0
0
0

120

7
forest

10.5
3.75
10.24
0
0
0
0

177261
12001
1212312
0
0
0
0

120

8
forest

10.5
3.75
10.24
0
0
0
0

177261
12001
1212312
0
0
0
0

120

9
forest

10.5
3.75
10.24
0
0
0
0

177261
12001
1212312
0
0
0
0

120

10
forest

10.5
3.75
10.24
0
0
0
0

177261
12001
1212312
0
0
0
0

120

11
forest

10.5
3.75
10.24
0
0
0
0

177261
12001
1212312
0
0
0
0

120

12
forest

10.5
3.75
10.24
0
0
0
0

177261
12001
1212312
0
0
0
0

120

13
forest

10.5
3.75
10.24
0
0
0
0

177261
12001
1212312
0
0
0
0

120

14
forest

10.5
3.75
10.24
0
0
0
0

177261
12001
1212312
0
0
0
0

120

15
forest

10.5
3.75
10.24
0
0
0
0

177261
12001
1212312
0
0
0
0

120

16
forest

10.5
3.75
10.24
0
0
0
0

177261
12001
1212312
0
0
0
0

120

17
forest

10.5
3.75
10.24
0
0
0
0

177261
12001
1212312
0
0
0
0

120

18
forest

10.5
3.75
10.24
0
0
0
0

177261
12001
1212312
0
0
0
0

120

19
forest

10.5
3.75
10.24
0
0
0
0

177261
12001
1212312
0
0
0
0

120

20
forest

10.5
3.75
10.24
0
0
0
0

177261
12001
1212312
0
0
0
0

120

21
forest

10.5
3.75
10.24
0
0
0
0

177261
12001
1212312
0
0
0
0

120

22
forest

10.5
3.75
10.24
0
0
0
0

177261
12001
1212312
0
0
0
0

120

23
forest

10.5
3.75
10.24
0
0
0
0

177261
12001
1212312
0
0
0
0

120
